         0
4294957710
4294877880
    147237
   1711346
   4142375
   6569827
   8957143
  11340615
  13720491
  16096015
  18466434
  20830996
  23188951
  25539551
  27882051
  30215707
  32539780
  34853533
  37156230
  39447144
  41725545
  43990713
  46241928
  48478476
  50699649
  52904741
  55093054
  57263892
  59416569
  61550400
  63664709
  65758826
  67832086
  69883832
  71913413
  73920186
  75903512
  77862765
  79797322
  81706570
  83589903
  85446724
  87276444
  89078482
  90852267
  92597237
  94312838
  95998526
  97653766
  99278033
 100870812
 102431598
 103959896
 105455221
 106917099
 108345066
 109738669
 111097467
 112421028
 113708932
 114960772
 116176149
 117354679
 118495988
 119599713
 120665505
 121693026
 122681949
 123631961
 124542761
 125414060
 126245582
 127037062
 127788250
 128498907
 129168809
 129797742
 130385508
 130931919
 131436802
 131899998
 132321359
 132700752
 133038056
 133333165
 133585984
 133796435
 133964449
 134089973
 134172969
 134213408
 134211280
 134166584
 134079334
 133949558
 133777298
 133562608
 133305556
 133006223
 132664705
 132281109
 131855559
 131388187
 130879144
 130328589
 129736698
 129103659
 128429672
 127714951
 126959723
 126164227
 125328716
 124453454
 123538720
 122584802
 121592005
 120560643
 119491042
 118383542
 117238495
 116056263
 114837222
 113581758
 112290270
 110963166
 109600868
 108203808
 106772430
 105307186
 103808542
 102276973
 100712966
  99117015
  97489627
  95831318
  94142615
  92424053
  90676176
  88899540
  87094708
  85262252
  83402753
  81516802
  79604995
  77667941
  75706253
  73720553
  71711471
  69679645
  67625718
  65550342
  63454176
  61337884
  59202138
  57047615
  54874997
  52684976
  50478244
  48255502
  46017454
  43764812
  41498289
  39218603
  36926479
  34622643
  32307825
  29982761
  27648187
  25304843
  22953474
  20594825
  18229643
  15858680
  13482687
  11102418
   8718627
   6332071
   3943506
   1553691
4294130679
4291740637
